void setup(){
  size(800,600);
  background(250);
}
void draw(){

  stroke(10);
  line(200,100,150,60);
    line(150,60,220,70);
     line(220,70,230,30);
     line(230,30,250,70);
     line(250,70,280,40);
     line(280,40,290,70);
      line(290,70,330,30);
      line(330,30,320,100);
      line(320,100,200,100);
       stroke(10);
       fill(220);
  rect(200,100,120,100);
  stroke(20);
  fill(0);
  rect(220,130,20,30);
  stroke(20);
  rect(280,130,20,30);
   stroke(20);
    fill(random(238),75,68,255);
    ellipse(260,190,40,15);
    stroke(20);
  fill(255,255,18,200);
  triangle(260,140,250,180,270,170);
   stroke(20);
   fill(35,241,228,200);
   rect(190,200,140,170);
    fill(225);
    rect(150,200,40,100);
    rect(330,200,40,100);
    stroke(20);
        fill(225);
         rect(190,370,40,90);
         rect(290,370,40,90);

}
